100
4
5 3 20 18 
1 2
3 1
4 3
8
3 1 4
3 1 4
2 3 1
2 1 1
2 2 4
2 1 1
4 3 1
3 2 4
5
7 5 3 17 16 
1 2
3 2
4 5
5 2
8
1 3 2
4 1 3
3 4 1
1 2 1
4 3 2
5 4 2
2 1 3
1 5 5
4
7 11 20 18 
1 2
3 4
4 1
4
3 1 2
3 3 3
3 1 3
4 4 1
5
16 3 12 5 6 
1 2
3 4
4 1
5 2
5
5 2 3
3 1 3
5 5 1
1 1 4
4 4 5
5
6 9 14 19 11 
1 2
3 1
4 5
5 3
2
5 1 4
2 3 2
3
15 20 20 
1 2
3 2
6
2 3 1
3 1 2
1 3 2
1 2 1
1 1 2
1 3 3
7
17 19 17 20 14 19 16 
1 2
3 4
4 1
5 3
6 2
7 4
7
7 1 2
3 3 5
4 6 7
3 7 2
3 2 3
7 7 5
3 6 4
7
6 17 9 10 16 19 6 
1 2
3 4
4 2
5 7
6 5
7 5
2
6 3 7
4 7 1
3
15 6 14 
1 2
3 2
3
2 2 2
2 3 3
2 3 2
7
8 17 20 15 15 20 3 
1 2
3 6
4 7
5 6
6 1
7 3
10
4 7 4
3 5 3
3 5 4
1 5 6
7 4 6
1 2 7
2 2 4
3 6 2
5 2 5
1 2 4
9
15 12 5 9 5 3 20 16 9 
1 2
3 7
4 1
5 8
6 8
7 2
8 5
9 8
9
4 6 2
6 1 7
7 2 9
7 1 2
9 5 5
6 1 2
3 4 3
1 6 3
1 6 5
9
15 7 11 15 4 10 16 15 6 
1 2
3 7
4 7
5 8
6 1
7 5
8 4
9 4
10
7 4 3
1 5 1
8 7 6
5 4 9
9 2 8
3 2 8
2 1 4
4 9 1
4 3 9
7 7 7
6
5 6 13 20 17 6 
1 2
3 1
4 6
5 2
6 1
5
3 6 2
1 2 6
1 3 4
6 1 4
1 1 1
4
13 16 19 11 
1 2
3 2
4 2
9
2 2 1
4 2 3
1 1 1
4 4 4
4 4 1
2 1 2
3 3 1
1 1 3
3 3 4
9
16 13 4 8 7 16 6 13 3 
1 2
3 1
4 2
5 3
6 2
7 1
8 7
9 7
5
3 8 4
6 6 8
4 2 7
1 2 7
9 8 2
9
8 17 3 14 14 15 15 8 5 
1 2
3 7
4 2
5 2
6 2
7 5
8 3
9 3
10
7 3 9
6 8 3
8 2 4
3 2 5
1 2 1
7 8 5
5 8 3
1 1 4
1 6 7
2 2 6
7
7 14 7 17 10 15 19 
1 2
3 5
4 1
5 6
6 5
7 3
9
7 5 4
6 6 7
3 6 6
7 1 2
3 4 4
7 5 6
1 7 2
1 1 1
7 2 3
2
18 12 
1 2
5
1 2 2
2 1 1
1 2 2
1 1 2
2 1 2
6
7 15 16 5 19 7 
1 2
3 5
4 6
5 2
6 1
10
2 5 6
6 3 5
5 6 1
6 3 2
1 6 5
5 4 1
1 1 3
2 1 6
6 6 4
6 3 1
10
10 17 9 5 7 11 16 11 10 16 
1 2
3 2
4 2
5 6
6 5
7 4
8 3
9 8
10 4
5
2 2 7
7 10 6
4 7 5
5 10 4
2 3 1
10
19 16 15 7 11 16 12 15 16 10 
1 2
3 9
4 8
5 8
6 8
7 3
8 9
9 4
10 6
5
3 3 5
1 9 6
2 5 2
7 10 9
2 10 3
5
6 19 17 19 11 
1 2
3 5
4 3
5 2
10
4 2 1
1 3 1
2 3 1
1 2 5
1 2 4
3 3 2
4 2 1
5 5 2
3 5 2
3 1 5
8
6 7 19 19 4 16 2 16 
1 2
3 7
4 1
5 2
6 3
7 8
8 3
7
3 5 1
8 4 7
5 3 7
5 7 8
4 6 7
6 8 8
4 3 3
2
9 9 
1 2
3
2 2 2
2 1 1
1 1 1
6
5 8 8 4 13 14 
1 2
3 2
4 6
5 4
6 2
6
5 6 6
1 5 3
1 2 2
4 2 6
2 6 4
3 1 6
7
9 5 11 8 4 15 11 
1 2
3 2
4 7
5 1
6 1
7 6
6
5 3 2
1 1 1
6 1 1
2 3 7
6 6 7
3 4 5
2
15 5 
1 2
9
2 2 2
2 1 2
1 2 1
1 1 1
1 1 2
1 2 2
1 2 1
2 1 1
2 1 2
7
10 6 4 11 16 6 17 
1 2
3 2
4 6
5 1
6 4
7 4
9
4 3 3
4 7 2
5 4 3
7 4 4
6 4 3
5 4 5
6 4 1
3 5 7
7 2 3
8
9 6 13 14 7 19 13 3 
1 2
3 2
4 1
5 2
6 3
7 3
8 5
6
6 5 8
2 4 2
3 8 1
8 3 3
3 4 7
7 8 7
8
4 4 17 10 19 16 17 2 
1 2
3 6
4 6
5 8
6 7
7 3
8 5
3
3 5 3
7 2 5
6 6 1
5
7 13 3 16 17 
1 2
3 2
4 2
5 2
3
5 4 5
2 3 3
2 1 1
10
4 14 17 10 5 14 14 11 4 10 
1 2
3 9
4 10
5 9
6 8
7 2
8 6
9 3
10 2
10
3 10 6
6 9 10
10 6 3
1 5 1
5 9 1
7 1 9
5 1 10
2 2 1
2 7 4
5 8 3
2
19 9 
1 2
9
2 1 1
1 1 1
2 1 2
1 1 1
2 2 2
1 2 2
1 2 2
1 1 2
1 1 2
3
9 18 12 
1 2
3 1
6
1 1 1
1 2 2
1 2 2
3 2 3
2 2 1
1 2 3
8
17 20 5 5 10 5 2 10 
1 2
3 1
4 5
5 8
6 1
7 2
8 1
6
7 1 5
3 1 7
2 1 4
1 1 4
5 2 3
8 7 3
3
11 13 3 
1 2
3 1
4
2 2 1
2 1 3
1 3 3
1 1 3
3
12 8 13 
1 2
3 2
10
2 3 3
3 1 3
1 2 3
3 3 1
3 1 1
1 2 1
1 2 1
2 3 3
3 1 2
2 1 1
9
13 7 9 6 18 2 20 15 20 
1 2
3 5
4 9
5 9
6 2
7 8
8 7
9 1
8
4 2 2
2 5 4
3 7 2
5 7 7
2 6 7
5 6 7
6 2 9
1 8 7
2
10 3 
1 2
5
1 1 2
2 2 1
2 2 2
2 2 1
2 2 2
5
20 9 5 12 10 
1 2
3 2
4 2
5 2
9
1 3 3
4 2 1
1 3 4
3 5 5
5 4 4
3 5 1
3 5 5
3 5 2
1 5 4
3
2 15 20 
1 2
3 1
10
3 2 3
1 1 3
2 2 3
2 1 2
2 2 3
3 2 2
1 2 1
3 3 2
2 2 3
1 2 2
2
10 2 
1 2
3
1 1 2
2 2 1
2 1 1
6
20 9 3 3 3 11 
1 2
3 4
4 2
5 6
6 3
7
6 3 6
6 3 2
1 2 4
2 2 4
3 3 6
2 3 5
3 4 6
5
8 7 14 19 10 
1 2
3 5
4 2
5 3
8
1 4 4
2 1 3
4 2 1
2 5 3
3 2 4
4 2 3
5 3 3
3 3 5
3
19 7 20 
1 2
3 2
10
1 3 1
3 2 1
3 3 2
1 2 2
1 3 1
2 3 2
2 3 2
1 2 1
1 2 1
2 1 1
3
17 9 10 
1 2
3 1
6
2 2 2
2 1 1
3 3 3
3 1 2
3 1 1
1 3 2
5
12 16 3 13 16 
1 2
3 2
4 3
5 1
5
2 4 4
2 2 2
2 3 3
4 4 5
4 2 2
6
4 2 15 13 14 11 
1 2
3 6
4 2
5 3
6 1
6
2 3 3
5 6 4
1 5 5
1 5 5
4 3 5
5 2 2
6
14 7 12 12 4 16 
1 2
3 2
4 5
5 3
6 3
7
3 4 3
2 5 2
4 4 4
2 5 4
3 2 2
5 1 2
5 5 4
6
19 5 3 6 20 4 
1 2
3 6
4 5
5 3
6 2
4
4 2 4
2 1 6
6 2 4
1 5 6
9
3 3 20 9 19 8 20 12 19 
1 2
3 6
4 7
5 3
6 2
7 9
8 5
9 4
7
4 3 5
3 6 6
3 4 7
2 7 1
8 9 9
1 8 6
4 3 4
7
7 8 9 9 14 14 18 
1 2
3 2
4 5
5 6
6 1
7 2
6
7 3 7
7 7 6
4 1 2
4 2 5
3 4 2
5 2 2
3
12 6 13 
1 2
3 2
9
1 3 1
2 3 2
1 3 1
1 2 1
1 3 1
3 2 2
2 2 2
2 2 1
2 2 3
6
16 20 14 17 8 9 
1 2
3 2
4 2
5 6
6 4
7
4 2 1
4 1 5
6 6 4
4 4 1
4 2 1
2 5 1
2 4 1
5
16 5 6 9 10 
1 2
3 4
4 5
5 2
7
4 2 5
4 3 2
1 4 4
4 2 2
3 4 3
4 3 2
4 3 4
5
18 12 20 3 12 
1 2
3 1
4 3
5 4
8
3 4 2
2 1 2
3 2 2
5 5 4
1 5 3
4 1 1
1 3 3
2 2 4
2
11 6 
1 2
7
2 2 1
1 1 2
1 1 1
2 1 1
1 1 1
1 1 1
2 1 2
4
20 7 6 17 
1 2
3 4
4 2
6
2 4 3
2 3 2
2 3 3
2 1 2
4 3 4
1 2 1
7
20 14 4 16 14 2 17 
1 2
3 2
4 1
5 7
6 2
7 3
5
4 2 2
3 6 1
6 3 3
3 2 7
5 7 1
8
18 3 2 4 7 8 11 7 
1 2
3 8
4 3
5 3
6 7
7 6
8 6
10
3 6 1
4 4 8
2 1 6
5 6 4
5 2 5
2 1 6
8 7 3
8 6 1
6 4 6
3 4 1
9
10 11 20 13 17 3 10 3 14 
1 2
3 6
4 3
5 1
6 7
7 5
8 4
9 6
3
9 8 6
4 8 4
4 4 5
3
6 15 17 
1 2
3 2
4
1 3 3
3 3 1
3 1 1
1 1 1
5
11 13 18 20 15 
1 2
3 1
4 3
5 4
3
3 3 4
3 5 2
4 1 3
7
14 13 20 19 2 13 19 
1 2
3 4
4 6
5 4
6 4
7 4
8
6 6 3
6 6 7
3 5 4
4 4 2
5 4 2
3 4 2
2 1 4
5 4 5
6
16 10 8 3 18 10 
1 2
3 4
4 1
5 1
6 2
4
3 4 4
4 6 5
5 2 5
4 3 2
5
14 12 9 8 5 
1 2
3 1
4 3
5 1
6
1 2 1
1 1 4
2 2 2
2 4 4
3 2 2
3 4 2
3
9 8 17 
1 2
3 1
5
3 2 1
2 3 3
3 3 3
1 1 1
2 3 3
5
18 8 7 16 8 
1 2
3 1
4 2
5 2
7
2 5 4
1 3 3
2 2 4
2 1 5
3 4 1
5 2 4
5 3 1
6
20 5 8 20 5 12 
1 2
3 6
4 5
5 1
6 4
7
6 6 4
2 3 3
5 6 3
4 5 1
2 2 4
1 6 1
3 2 1
5
20 10 18 4 13 
1 2
3 5
4 3
5 2
9
1 3 2
5 4 1
4 5 5
5 4 1
2 3 1
4 3 3
5 4 5
4 4 4
3 5 3
10
5 12 10 11 17 10 9 14 4 20 
1 2
3 4
4 3
5 9
6 3
7 3
8 7
9 3
10 3
9
9 3 5
6 6 8
10 3 4
8 4 5
7 1 6
5 10 9
4 4 10
3 3 9
1 3 7
7
14 15 13 12 12 16 18 
1 2
3 4
4 7
5 6
6 2
7 5
7
7 2 3
2 2 7
7 4 7
3 7 4
6 4 7
6 6 5
2 1 5
5
17 3 13 17 14 
1 2
3 5
4 2
5 2
8
1 5 3
2 3 5
3 4 5
4 2 4
3 2 5
2 2 2
1 2 2
2 3 5
9
7 14 11 8 5 17 11 8 17 
1 2
3 4
4 1
5 3
6 1
7 2
8 5
9 3
9
1 5 1
2 5 7
1 6 4
1 4 5
9 5 9
8 6 1
6 4 7
3 9 7
3 1 1
7
6 11 17 10 20 9 10 
1 2
3 1
4 5
5 1
6 3
7 5
4
6 4 3
3 7 7
5 2 2
1 7 2
2
16 19 
1 2
3
1 2 1
1 1 2
1 1 2
8
19 15 8 7 20 18 10 11 
1 2
3 4
4 8
5 4
6 8
7 6
8 4
2
5 6 3
6 4 8
3
11 9 20 
1 2
3 1
7
2 3 3
3 3 2
1 2 3
2 1 1
3 3 1
2 2 1
3 2 2
10
10 10 5 8 20 11 13 17 20 13 
1 2
3 5
4 9
5 2
6 9
7 5
8 6
9 3
10 9
2
5 6 6
8 10 8
6
14 2 18 17 14 14 
1 2
3 6
4 2
5 6
6 5
9
5 4 1
1 4 2
3 4 4
4 5 6
2 3 3
3 5 2
2 6 4
4 3 5
3 4 1
8
11 19 20 15 9 16 18 19 
1 2
3 4
4 1
5 2
6 5
7 5
8 2
4
5 4 4
6 1 2
5 4 2
7 7 5
6
5 3 9 15 19 4 
1 2
3 1
4 3
5 3
6 5
6
6 1 3
4 4 2
2 5 1
5 3 4
2 5 1
6 4 3
10
14 8 9 9 16 8 11 3 14 19 
1 2
3 8
4 8
5 2
6 4
7 10
8 1
9 7
10 8
6
9 10 2
9 4 6
8 1 9
6 7 1
10 4 9
9 6 1
8
13 15 15 10 19 2 11 11 
1 2
3 2
4 3
5 4
6 2
7 6
8 6
8
5 5 8
2 3 7
7 6 4
4 3 6
4 6 7
3 7 8
6 6 3
3 5 2
3
14 19 13 
1 2
3 2
10
3 1 3
3 2 3
3 1 1
1 3 3
3 3 3
1 3 3
2 2 1
2 1 3
2 3 1
2 2 3
2
7 17 
1 2
6
2 2 2
2 1 1
1 1 2
2 2 1
1 2 2
1 2 2
5
19 14 17 7 18 
1 2
3 2
4 5
5 4
9
5 3 1
4 4 4
2 4 4
2 3 1
4 3 2
1 2 5
5 4 2
4 2 5
3 5 5
10
14 11 19 8 8 7 11 4 15 17 
1 2
3 2
4 2
5 7
6 4
7 3
8 4
9 2
10 2
10
6 6 2
8 4 8
3 8 4
5 7 8
8 7 8
6 1 1
8 8 10
8 5 4
4 2 5
6 4 2
6
8 4 20 20 10 18 
1 2
3 5
4 6
5 6
6 2
2
3 2 6
4 1 6
7
14 15 15 3 11 6 5 
1 2
3 6
4 3
5 6
6 3
7 2
2
4 5 3
1 6 1
4
8 17 4 15 
1 2
3 2
4 2
7
1 2 3
4 3 1
2 3 4
3 1 4
1 3 2
2 4 1
1 1 2
2
12 6 
1 2
10
2 2 1
1 1 2
1 2 2
1 1 2
2 2 2
1 2 1
2 1 2
1 2 2
2 2 2
2 1 2
3
6 20 10 
1 2
3 2
7
3 1 2
3 2 1
3 2 2
3 1 1
2 3 1
2 2 3
1 3 2
2
4 6 
1 2
5
2 2 2
1 1 2
2 2 2
1 1 2
1 1 2
3
5 12 3 
1 2
3 1
9
1 3 1
2 1 1
1 1 2
1 2 2
2 2 3
3 2 3
3 1 2
1 1 3
2 3 1
8
5 3 20 11 16 9 19 5 
1 2
3 8
4 5
5 7
6 4
7 8
8 4
7
5 5 1
1 2 4
2 6 3
6 1 8
3 1 7
3 6 7
7 2 1
5
13 20 7 14 14 
1 2
3 4
4 5
5 2
2
1 2 5
2 3 1
8
11 13 5 6 8 6 15 12 
1 2
3 7
4 8
5 8
6 8
7 8
8 3
5
3 1 4
8 7 7
2 4 4
6 2 1
6 7 3
3
8 19 16 
1 2
3 2
9
1 1 3
2 1 3
2 1 1
1 2 3
2 3 3
3 3 3
2 2 1
1 3 1
3 2 2
4
15 15 15 3 
1 2
3 4
4 1
4
1 1 2
1 3 2
1 2 2
4 2 4
