1 0
10 0
11 0
21 0
31 0
41 0
51 0
61 0
71 0
81 0
91 0
100 0
101 0
111 0
121 0
131 0
141 0
151 0
161 0
171 0
181 0
191 0
201 0
211 0
221 0
231 0
241 0
251 0
261 0
271 0
281 0
291 0
301 0
311 0
321 0
331 0
341 0
351 0
361 0
371 0
381 0
391 0
401 0
411 0
421 0
431 0
441 0
451 0
461 0
471 0
481 0
491 0
501 0
511 0
521 0
531 0
541 0
551 0
561 0
571 1
581 0
591 0
601 0
611 0
621 0
631 0
641 0
651 0
661 0
671 1
681 0
691 0
701 0
711 0
721 0
731 0
741 0
751 0
761 0
771 1
781 0
791 0
801 0
811 0
821 0
831 0
841 0
851 1
861 0
871 0
881 0
891 0
901 0
911 0
921 0
931 1
941 0
951 0
961 0
971 0
981 0
991 0
1000 0.09
1001 1
1101 0
1201 0
1301 0
1401 0
1501 1
1601 0
1701 0
1801 0
1901 1
2001 0
2101 0
2201 0
2301 0
2401 0
2501 1
2601 0
2701 1
2801 0
2901 1
3001 0
3101 1
3201 0
3301 1
3401 0
3501 1
3601 0
3701 1
3801 0
3901 1
4001 0
4101 1
4201 1
4301 0
4401 1
4501 0
4601 1
4701 1
4801 0
4901 1
5001 1
5101 1
5201 1
5301 1
5401 1
5501 1
5601 1
5701 0
5801 1
5901 1
6001 1
6101 1
6201 1
6301 0
6401 0
6501 1
6601 1
6701 1
6801 0
6901 1
7001 2
7101 1
7201 1
7301 1
7401 1
7501 1
7601 1
7701 1
7801 1
7901 1
8001 1
8101 2
8201 1
8301 1
8401 2
8501 2
8601 1
8701 1
8801 2
8901 1
9001 1
9101 1
9201 2
9301 1
9401 2
9501 1
9601 2
9701 1
9801 2
9901 1
10000 1.73
10001 1
20001 3
30001 5
40001 7
50001 8
60001 10
70001 12
80001 12
90001 16
100000 15.4
100001 17
200001 34
300001 51
400001 66
500001 82
600001 102
700001 119
800001 142
900001 156
1000000 181.8
